100 3270
13 91 43
52 43 59
50 8 84
70 4 64
30 40 21
99 44 82
96 28 30
2 89 7
24 32 26
31 86 17
78 8 59
82 42 34
42 82 100
58 9 10
99 65 58
15 49 94
97 5 17
16 31 58
16 46 28
33 59 84
4 91 11
63 64 78
45 100 77
33 10 87
82 54 30
67 15 97
34 50 78
66 68 46
37 20 66
58 14 90
58 84 99
43 32 37
75 70 4
36 87 11
12 19 18
4 98 63
18 68 63
74 4 42
39 56 11
83 49 87
26 63 16
41 88 38
28 97 100
46 10 29
55 56 6
62 41 16
55 37 70
63 54 39
89 69 9
97 26 67
47 94 86
47 8 41
63 70 83
95 4 20
28 2 6
32 76 6
64 2 32
61 5 38
50 84 68
38 100 8
42 68 71
91 96 59
91 94 8
37 28 24
17 38 85
89 88 39
11 92 10
89 26 59
84 21 91
45 94 94
60 39 75
94 40 84
15 3 45
66 67 1
61 71 85
92 2 64
24 61 41
42 63 18
76 54 31
32 37 47
49 32 2
52 20 50
84 59 99
54 41 10
7 16 89
53 92 4
82 56 12
11 59 7
52 73 63
52 42 8
87 17 32
49 58 60
99 7 34
40 89 5
75 90 29
65 84 85
8 96 90
40 49 84
32 73 94
55 5 87
31 40 39
81 75 67
30 8 58
74 80 52
28 2 93
36 30 43
23 100 93
64 51 55
28 40 27
87 22 53
75 59 32
7 82 15
50 81 62
71 88 9
56 46 16
94 79 54
55 52 56
25 76 67
55 66 14
75 89 15
83 60 73
55 38 15
58 13 54
26 70 35
75 82 62
52 50 18
46 97 71
59 36 67
87 23 73
9 24 74
55 36 15
10 47 27
41 71 98
80 39 86
48 25 53
100 73 57
15 38 11
31 58 52
22 6 97
75 74 98
7 93 20
19 77 65
28 51 45
31 15 91
75 1 78
87 65 39
69 39 66
77 6 99
84 8 42
93 94 1
47 18 29
54 24 79
11 82 78
68 94 100
87 40 79
70 9 95
3 44 86
84 44 17
51 9 33
19 20 69
47 68 73
22 20 20
87 98 21
21 19 16
9 65 84
36 38 39
77 43 27
23 45 20
48 28 66
73 17 64
68 82 80
99 15 13
10 60 70
29 8 78
8 29 76
90 37 98
97 31 5
97 17 98
48 52 95
59 82 75
96 19 23
59 48 76
87 27 29
12 24 11
96 20 37
90 12 56
91 31 63
97 26 68
77 36 98
48 80 15
80 12 31
41 48 25
7 9 19
100 95 87
21 46 28
21 85 51
53 38 9
43 58 42
17 32 27
82 80 32
8 22 28
94 88 33
16 35 78
95 33 4
74 58 30
7 9 68
1 100 39
97 7 57
42 86 51
98 15 6
92 87 95
53 78 87
40 27 22
11 25 78
17 36 13
4 54 1
10 56 17
41 83 100
89 82 60
29 27 44
98 99 13
18 87 92
61 6 63
60 34 6
59 22 77
90 51 66
29 14 60
59 17 51
55 60 16
70 11 84
11 28 82
70 71 48
43 79 66
43 78 55
52 15 69
23 63 16
26 47 96
55 22 95
25 53 20
52 15 36
80 60 1
49 84 10
15 58 41
25 57 6
75 53 56
12 66 73
88 41 69
39 97 47
45 61 92
98 43 48
38 73 31
44 3 79
48 36 72
40 45 48
90 96 15
97 95 30
67 80 12
25 63 7
22 48 40
53 20 20
46 29 45
53 51 47
89 70 35
71 18 37
44 23 85
27 39 27
35 88 79
4 10 98
87 31 52
23 15 67
18 10 9
55 80 5
9 58 15
95 21 26
2 53 33
1 49 100
52 35 63
96 16 39
77 57 82
95 84 15
41 25 48
60 61 68
16 65 37
48 37 85
18 7 90
76 31 25
27 51 93
11 54 74
29 64 20
31 33 25
89 33 100
79 94 58
37 100 16
61 70 46
62 64 88
48 65 6
91 75 95
29 61 52
5 92 64
49 39 52
11 1 58
45 2 2
34 24 14
98 34 23
64 86 36
13 27 96
30 36 61
3 75 29
87 57 96
87 61 93
46 85 13
30 4 2
84 21 58
63 67 47
90 36 67
35 72 71
32 67 14
78 49 93
97 60 64
87 94 92
94 96 29
89 93 45
75 30 98
79 28 30
100 86 71
16 47 93
51 50 46
79 4 36
82 18 43
81 75 97
19 53 77
66 32 1
61 82 94
95 52 83
31 94 89
17 82 3
11 40 67
11 45 2
61 54 37
80 51 52
36 60 84
59 11 75
7 28 41
56 73 63
33 14 62
30 35 6
22 65 20
61 74 70
37 48 96
20 58 17
47 90 95
80 97 70
16 91 54
14 67 80
81 36 15
49 51 34
89 53 100
14 2 66
50 29 83
95 58 2
72 84 90
78 21 32
17 42 32
35 77 24
85 74 54
67 56 49
45 71 47
39 28 42
40 13 73
10 86 69
50 95 65
93 100 56
61 13 37
2 67 6
32 82 58
69 19 20
92 28 11
12 94 32
73 5 44
41 14 85
14 38 61
97 47 1
80 1 91
47 100 40
12 56 31
38 78 58
81 43 5
32 83 98
37 100 19
42 8 26
44 57 88
16 51 94
79 30 56
77 15 1
22 70 48
17 38 98
14 81 91
44 81 4
32 72 32
14 35 43
29 56 9
58 86 1
23 72 41
6 27 38
46 84 9
78 27 81
89 78 17
65 46 79
70 92 26
78 91 95
12 30 54
99 52 97
83 1 53
97 100 23
93 15 47
24 70 98
92 28 36
49 47 43
73 44 61
41 60 41
55 82 3
61 29 76
28 53 48
34 82 14
90 67 54
21 63 36
92 96 21
67 68 35
57 35 37
70 65 89
100 69 15
20 84 86
44 93 59
78 27 53
94 67 69
77 25 14
80 89 97
98 8 65
11 49 26
100 77 91
29 10 17
24 27 77
66 30 8
56 60 13
87 25 80
36 62 5
80 73 12
31 1 89
18 42 2
14 18 47
30 45 20
59 43 20
68 85 78
77 37 80
83 41 92
4 56 49
12 84 50
39 66 41
89 85 87
10 42 78
33 40 79
10 87 31
78 41 24
3 47 19
75 25 28
11 86 27
72 6 17
16 71 51
79 28 64
34 38 73
25 30 32
30 33 72
66 37 58
30 81 3
13 80 61
3 7 46
22 98 93
79 91 91
7 10 93
96 63 36
88 15 44
45 14 98
88 12 56
66 39 7
43 39 26
40 32 31
31 87 31
40 13 83
99 16 98
43 10 76
50 2 85
61 76 24
55 83 7
54 59 87
17 5 12
29 23 78
96 63 58
93 49 2
16 8 17
71 81 26
58 13 48
82 73 65
83 82 55
6 54 18
81 77 80
31 78 18
63 32 57
37 11 56
33 59 13
32 16 88
58 36 7
74 13 58
44 81 7
24 51 79
78 64 95
43 1 97
37 21 23
8 82 88
98 57 78
41 53 92
74 99 86
72 47 5
66 36 13
52 26 5
74 70 55
24 17 60
54 80 7
71 98 84
65 60 59
31 28 37
36 37 13
5 13 95
5 63 71
46 33 90
50 41 84
50 32 61
98 66 68
96 82 68
78 30 76
53 71 94
32 38 60
33 62 60
11 64 34
47 59 21
96 19 34
17 54 40
86 9 20
21 11 55
33 23 63
43 20 28
68 3 12
54 24 21
32 94 24
48 80 59
99 61 38
56 17 64
67 55 16
99 17 59
71 31 84
61 10 51
24 27 71
54 2 66
2 45 93
90 21 81
37 52 26
63 67 63
49 55 67
72 66 62
49 77 89
68 56 62
86 14 26
86 66 5
30 5 51
88 32 94
13 65 60
77 82 82
85 65 31
15 90 75
90 48 59
41 12 53
24 20 56
6 15 47
78 16 81
76 63 60
62 44 90
56 79 47
8 100 52
10 85 20
9 22 87
23 90 2
92 63 96
41 11 92
24 13 28
99 67 48
21 67 60
13 58 90
81 71 81
69 64 27
99 42 10
8 15 74
63 52 88
56 97 77
27 53 40
97 15 30
7 92 68
59 8 61
24 14 10
88 97 45
80 99 73
61 99 31
63 1 52
70 9 35
92 79 39
82 13 79
80 16 13
23 34 82
4 43 100
70 19 89
3 9 20
27 41 35
78 48 63
81 90 73
24 73 37
88 40 29
41 81 47
26 49 79
82 87 19
75 23 60
16 51 96
74 33 82
86 38 58
84 10 36
32 18 73
53 75 12
98 50 92
31 86 94
30 74 84
74 88 24
39 95 32
65 59 32
4 15 16
47 21 71
19 71 97
73 92 41
50 65 97
43 61 44
60 93 93
79 24 95
3 90 70
40 91 18
95 46 11
17 43 90
40 27 28
47 87 99
93 59 13
91 39 18
2 53 69
4 45 66
52 46 9
1 81 5
61 10 27
63 4 73
75 30 31
59 51 31
13 92 95
96 82 34
46 27 17
97 88 59
95 64 2
8 81 13
56 63 17
49 55 36
25 63 79
13 50 83
46 96 100
39 95 36
31 62 3
61 25 17
22 34 40
19 56 64
19 5 2
66 84 11
19 12 82
34 59 93
73 39 91
49 46 41
80 31 53
83 67 56
83 61 54
25 85 49
85 47 59
85 7 42
26 33 95
19 97 39
72 63 63
20 81 22
61 65 15
57 84 2
25 100 49
48 25 72
25 89 88
80 70 63
1 15 55
57 55 34
60 38 98
84 77 4
99 96 1
24 40 82
100 98 40
91 97 35
27 30 66
27 91 92
55 17 49
52 38 41
19 100 98
26 20 90
99 57 99
38 88 22
26 73 80
70 46 98
79 86 7
37 58 59
21 78 22
87 65 35
61 12 68
86 91 68
15 90 80
78 36 25
32 83 37
8 93 56
5 35 25
4 1 11
15 10 89
42 39 91
53 67 50
22 96 35
64 12 82
20 58 19
50 68 28
90 66 13
55 96 95
33 9 66
26 22 1
26 17 25
55 67 60
83 54 63
40 48 20
17 98 15
99 48 93
39 64 76
68 86 38
72 91 17
82 56 89
72 50 1
8 10 17
67 79 20
20 24 72
23 59 96
6 85 56
41 56 43
41 4 68
21 73 77
25 78 92
17 71 2
96 54 58
38 97 37
37 75 98
63 84 79
70 81 75
89 36 7
9 32 22
3 14 7
10 20 52
24 8 54
68 24 100
89 23 68
60 71 99
22 74 18
37 65 72
7 56 30
85 96 15
68 75 5
5 29 31
16 94 4
77 30 63
2 86 86
23 16 9
17 60 86
33 36 97
24 25 7
46 50 77
54 70 9
17 22 30
45 72 41
22 10 59
39 97 84
54 86 46
47 48 57
33 95 66
89 45 29
49 88 4
31 21 32
82 43 27
85 48 8
71 87 88
68 63 67
81 70 71
75 40 20
41 45 94
13 39 57
62 90 93
12 35 98
85 18 87
69 65 23
64 29 10
54 80 96
28 74 48
31 47 79
69 64 81
41 74 56
62 48 26
70 72 49
95 7 21
16 37 43
39 99 29
26 67 34
34 6 10
61 97 21
12 21 89
34 47 38
93 55 24
35 31 70
62 51 51
95 64 39
84 50 90
38 31 50
48 84 22
9 49 68
36 83 38
13 92 58
47 24 52
36 73 85
71 85 11
3 99 28
39 53 32
33 41 8
80 72 65
83 84 89
62 55 15
48 91 19
78 73 62
15 71 90
69 49 52
64 88 13
64 34 78
96 98 72
64 48 10
90 16 43
4 63 39
1 88 33
81 71 43
30 7 54
57 92 67
53 4 6
24 9 2
99 9 95
8 12 19
51 81 86
95 48 10
50 39 11
39 83 13
82 83 62
34 18 14
31 40 80
81 3 79
18 40 78
91 34 91
29 95 93
26 58 59
86 38 7
83 16 37
48 59 10
75 4 91
83 51 36
24 19 73
20 98 93
46 38 82
49 95 53
27 9 56
60 80 77
60 53 37
93 85 25
87 9 81
80 39 60
80 93 55
60 22 12
52 29 38
49 8 12
80 34 84
20 32 9
2 26 68
48 52 26
16 74 44
82 10 99
9 86 76
83 25 45
31 99 9
87 41 41
38 52 63
24 44 66
1 97 24
87 86 93
88 91 26
39 36 81
71 8 85
80 28 54
25 68 27
10 98 35
77 96 43
96 18 6
89 70 76
32 99 50
34 15 10
75 46 63
53 98 66
60 64 7
95 54 28
75 40 41
45 52 22
80 45 3
46 48 46
33 61 26
55 26 17
63 89 75
72 52 64
58 92 94
93 63 94
58 38 77
5 35 60
80 56 98
90 91 92
27 12 39
91 58 76
67 17 8
5 74 73
17 80 7
78 10 40
8 16 100
35 55 46
20 91 36
85 46 39
75 70 14
93 47 83
46 74 86
59 54 38
53 45 29
99 43 62
29 85 21
6 7 86
15 90 28
28 19 96
64 56 8
50 54 87
2 44 28
44 1 88
90 9 36
55 17 31
1 86 47
1 70 72
74 52 66
51 8 25
59 35 20
24 48 2
46 78 20
6 18 83
38 6 7
81 50 39
46 29 69
12 94 43
81 69 66
69 29 92
36 85 89
78 18 12
65 4 14
36 96 51
14 27 55
26 6 78
88 75 54
24 19 98
76 43 80
5 84 13
47 65 3
33 4 78
45 17 70
94 39 43
47 4 73
12 74 53
86 85 82
60 82 58
71 62 53
10 96 17
58 40 76
82 13 79
17 22 7
53 86 90
76 34 65
3 60 45
90 45 3
17 79 33
42 61 62
98 40 18
64 28 41
73 92 99
59 21 88
3 70 68
8 18 70
46 45 52
85 56 72
36 58 2
16 71 30
86 2 80
17 77 61
19 33 97
23 4 48
7 28 93
28 20 81
100 80 42
64 7 89
63 58 24
74 8 65
53 50 41
37 74 57
19 31 86
34 12 34
41 60 11
14 59 47
95 78 35
42 98 85
18 56 94
98 71 44
64 69 45
5 30 94
75 87 74
45 56 24
46 100 6
52 35 30
54 52 34
52 6 81
2 42 80
69 59 58
71 7 21
49 43 13
16 41 14
43 20 44
90 7 54
44 79 15
82 15 93
43 65 73
95 20 70
96 35 62
48 4 70
59 31 45
44 85 24
26 89 70
12 32 99
58 14 24
20 2 28
38 100 28
99 11 33
48 87 66
15 90 94
91 27 93
99 84 75
80 70 78
55 76 91
88 48 7
32 71 53
8 78 95
5 71 54
25 40 16
48 34 9
12 13 15
53 56 51
51 49 35
34 31 56
3 12 29
64 88 92
34 63 97
99 49 85
32 60 67
92 44 74
21 65 46
49 41 50
57 42 94
26 95 56
27 100 70
15 59 36
35 92 19
96 66 91
33 79 27
18 2 76
81 99 54
2 70 6
35 33 83
49 16 57
34 11 81
78 2 12
37 71 22
82 91 97
23 84 91
75 60 78
47 65 23
68 53 27
63 98 51
34 46 74
81 52 21
44 41 68
12 98 14
88 71 66
86 30 14
43 94 65
87 97 80
28 5 28
39 21 15
68 48 92
36 82 76
39 55 9
99 30 20
12 71 100
34 52 73
76 43 38
70 54 65
49 42 42
79 6 4
16 29 37
38 87 97
73 35 67
48 69 46
74 28 82
81 50 76
13 84 81
45 81 52
3 72 98
53 5 31
69 60 39
93 8 6
7 2 46
54 70 26
44 76 96
13 91 24
44 5 62
10 94 69
93 9 100
20 80 36
64 30 66
99 8 97
1 75 97
46 22 96
30 55 94
17 5 31
36 64 64
10 32 79
62 63 77
3 89 43
99 55 91
83 28 69
77 22 24
5 44 91
40 51 88
86 91 72
28 17 73
9 39 77
17 8 29
79 74 87
29 94 63
11 83 47
20 37 91
77 65 25
16 3 57
9 60 23
39 41 5
32 5 2
57 88 7
40 95 40
40 69 49
98 48 11
7 50 73
13 10 45
36 35 42
2 32 52
30 10 35
41 57 76
84 37 82
10 68 43
89 39 6
37 85 33
3 19 83
39 4 20
97 25 45
49 85 13
54 70 85
95 13 100
75 20 47
4 1 91
86 82 94
43 76 83
57 77 26
72 20 51
24 49 42
99 64 53
21 28 74
48 6 11
18 36 59
97 50 4
91 55 55
41 42 70
44 86 80
21 34 70
64 18 78
13 71 47
37 7 15
59 1 67
41 76 86
35 13 86
16 42 32
58 61 87
6 33 43
8 24 38
11 39 37
79 21 24
69 55 76
14 33 21
74 77 10
72 49 97
22 52 14
48 36 80
91 20 69
51 27 91
43 94 89
77 3 91
86 78 27
4 41 74
13 47 6
95 68 86
64 72 25
39 51 27
27 42 4
76 27 90
92 13 58
54 65 52
80 30 81
51 7 11
20 68 79
80 29 8
68 34 5
99 94 31
52 75 72
51 10 56
85 99 45
4 24 11
93 43 62
55 81 15
11 91 86
63 41 93
14 74 22
40 85 95
54 39 36
32 36 23
80 12 73
89 47 13
79 40 22
38 97 15
90 14 44
92 49 60
73 2 65
4 62 1
49 70 23
12 16 49
27 30 81
58 61 9
49 88 29
61 57 74
35 50 61
56 78 74
46 38 31
49 4 15
67 44 48
57 7 52
1 84 3
45 9 59
80 65 91
10 100 22
2 59 38
61 36 77
17 53 45
86 60 79
7 44 77
20 38 83
70 44 25
33 81 46
27 3 4
4 41 59
45 31 73
91 80 88
64 90 19
22 56 50
11 16 44
15 77 30
15 34 84
84 52 6
31 75 9
68 7 93
34 69 18
4 76 58
87 55 36
79 42 16
26 62 97
38 3 40
52 79 6
1 70 46
46 9 77
52 10 42
28 100 32
66 97 33
4 39 49
36 65 58
59 12 92
17 73 3
64 63 3
54 35 98
68 80 55
76 91 95
51 63 93
49 37 64
72 87 31
72 10 38
19 9 75
75 16 8
90 8 21
47 90 34
9 39 15
18 25 31
10 5 6
75 10 66
69 25 84
58 16 91
65 63 76
43 76 22
93 33 23
80 57 83
20 12 37
39 33 39
99 65 97
41 60 16
74 44 86
40 24 11
89 33 100
69 8 43
98 28 41
50 65 53
85 62 40
82 81 36
50 80 37
31 76 78
19 42 55
14 81 11
45 15 9
18 92 33
69 40 30
21 7 11
11 54 54
61 69 38
34 87 15
1 90 2
11 33 21
98 50 73
81 34 61
1 33 51
78 51 8
27 66 43
81 21 15
12 52 33
13 30 49
82 94 50
21 20 47
87 81 90
75 63 80
29 26 39
31 79 96
80 23 72
38 43 82
31 42 28
66 5 34
52 87 30
54 92 90
57 79 14
27 90 45
94 56 39
41 86 74
17 96 12
73 33 19
73 86 35
95 49 100
65 94 52
57 86 53
32 98 71
66 53 66
15 78 9
73 47 28
22 20 3
20 37 2
97 6 70
92 21 55
58 2 19
73 49 23
25 84 42
23 94 94
32 94 24
37 22 48
47 8 59
11 28 18
17 49 21
95 16 66
10 96 80
3 93 83
4 21 39
90 85 25
8 49 47
74 66 95
78 1 61
73 97 33
1 97 8
98 82 65
57 23 17
69 99 68
61 100 98
20 41 91
34 59 36
16 2 36
43 30 92
67 55 94
37 33 68
93 48 2
34 77 64
7 79 43
26 60 25
27 64 18
38 92 44
90 26 23
70 83 18
25 6 26
19 100 13
99 89 71
31 9 18
60 97 10
50 44 34
5 4 56
75 80 57
14 61 77
37 99 24
84 25 83
2 3 91
2 99 30
73 14 46
99 52 96
17 10 19
4 28 78
44 18 83
63 43 33
67 79 37
24 51 71
72 70 92
27 34 72
39 85 2
29 22 65
18 75 24
78 47 62
47 93 11
81 2 38
22 29 25
78 67 63
29 94 9
76 26 52
39 48 73
95 14 81
29 65 41
27 98 41
35 77 17
79 62 51
51 43 31
27 5 1
91 7 29
20 65 29
68 54 25
95 83 72
89 6 43
96 31 1
72 27 4
82 31 2
44 64 50
24 62 45
37 1 15
56 7 39
87 19 26
58 1 43
80 27 97
93 99 58
7 85 60
4 26 74
39 28 10
96 75 70
75 54 38
90 28 72
92 64 61
62 74 20
33 44 33
89 20 82
93 7 65
71 24 57
12 73 55
78 75 67
33 77 70
31 86 20
21 37 100
30 18 10
58 72 60
11 65 5
32 76 69
43 74 24
36 2 4
39 6 41
95 22 77
4 87 100
59 75 58
26 66 14
9 79 68
50 64 34
18 28 99
76 91 94
49 38 77
18 52 75
88 52 67
16 98 87
18 69 100
72 92 12
7 51 76
36 43 70
65 84 9
42 86 23
72 4 79
16 15 53
58 6 61
50 39 13
86 3 15
42 9 21
67 22 47
26 97 74
15 40 99
22 61 29
53 39 46
18 59 31
22 65 56
92 61 69
53 86 98
84 77 90
2 43 77
64 10 62
33 77 93
56 71 38
20 96 97
20 35 90
89 65 89
11 63 13
13 91 23
34 61 1
66 34 3
94 33 74
15 92 56
81 39 58
93 63 39
57 87 36
66 69 82
73 57 49
55 8 75
42 25 5
77 83 4
94 21 51
48 65 66
16 18 29
39 97 17
52 2 13
75 59 33
79 9 19
16 19 25
49 46 84
11 13 60
37 67 100
4 16 85
89 55 82
52 81 100
73 92 78
5 28 74
33 51 47
78 84 30
84 6 39
18 25 86
56 15 61
92 38 96
47 6 99
35 100 58
53 89 66
33 71 8
13 44 25
39 38 56
4 62 10
94 26 95
63 55 72
78 86 25
38 5 43
90 35 93
19 8 60
59 30 50
35 95 57
97 35 31
94 84 2
97 65 17
15 46 15
53 79 88
86 98 94
3 17 95
63 25 64
65 59 76
87 97 96
1 15 90
95 18 65
17 40 51
100 80 38
6 23 25
14 75 100
72 30 36
52 68 63
23 82 42
28 17 19
3 78 1
56 54 52
70 53 74
44 33 87
22 41 85
48 35 40
1 18 38
34 52 53
75 80 5
78 26 62
41 46 58
34 83 89
31 64 82
28 37 47
46 61 83
55 4 6
58 47 64
18 68 31
34 87 18
94 93 85
30 69 33
19 36 84
67 8 71
19 31 82
52 9 61
20 28 49
30 84 44
89 38 94
95 12 55
94 59 77
94 53 36
86 13 75
82 59 93
83 62 47
97 72 88
85 68 3
24 41 77
78 12 59
61 32 50
97 91 64
39 40 20
80 72 48
40 41 96
44 94 21
63 74 75
38 73 5
47 94 64
53 9 92
92 50 42
94 21 6
26 88 19
36 68 99
47 82 66
31 12 93
54 51 30
83 59 51
60 9 71
65 84 93
32 78 76
98 90 88
2 47 60
1 67 83
35 67 50
93 84 100
37 5 40
58 30 43
62 4 48
56 50 3
56 21 6
75 59 7
54 26 49
33 29 19
21 63 26
57 40 71
25 27 100
100 28 36
15 23 70
84 76 19
83 41 57
65 97 52
23 52 51
52 28 88
89 26 52
46 43 24
10 100 55
67 57 25
30 8 60
7 95 58
61 82 21
82 26 97
74 31 88
19 77 97
31 57 24
58 34 12
52 54 32
70 32 74
39 62 21
86 29 39
77 10 9
42 70 28
93 54 34
31 30 42
40 39 57
33 5 5
58 66 49
24 26 50
30 46 91
74 28 73
43 71 6
85 5 70
32 10 98
22 58 76
68 61 50
79 33 2
31 14 63
20 38 92
99 55 33
29 93 5
35 27 59
26 94 36
41 49 1
45 89 26
38 61 87
16 55 85
49 56 46
8 38 53
99 6 57
95 7 98
89 78 50
17 83 52
57 59 16
27 31 32
85 78 87
68 77 44
99 92 35
66 39 13
54 18 47
35 86 56
35 43 91
82 11 34
88 44 48
11 42 41
86 76 48
74 11 60
61 36 1
80 8 86
20 12 83
97 19 23
79 27 61
59 60 55
80 63 6
99 66 22
60 62 31
8 73 37
8 69 32
4 30 26
17 74 95
85 34 13
34 37 68
16 29 54
24 95 5
43 97 1
83 9 81
38 58 77
15 36 16
51 80 45
85 46 56
35 3 80
86 94 90
46 45 31
68 92 9
97 27 23
9 82 47
44 41 65
15 23 47
55 77 42
93 13 23
11 94 32
88 100 40
28 33 17
17 39 60
93 98 78
74 82 34
82 62 64
77 92 69
37 6 38
94 82 58
83 80 82
14 63 10
43 47 52
19 22 38
53 31 1
76 12 34
25 32 12
100 95 49
22 73 39
10 81 64
79 11 96
55 82 70
14 42 60
24 21 41
59 43 93
4 96 1
65 26 8
35 81 38
15 63 19
11 46 20
3 65 65
53 98 73
52 1 66
70 31 42
87 55 9
55 71 35
42 33 41
55 26 66
29 70 86
30 39 58
66 72 70
51 4 75
43 22 59
62 46 64
8 1 55
17 91 40
43 64 35
58 14 93
79 59 3
54 66 55
15 55 70
58 79 44
80 69 34
65 64 79
20 63 59
70 68 18
39 80 60
39 56 63
94 15 20
72 13 77
45 100 82
9 98 61
65 66 22
64 16 76
50 86 74
23 92 24
94 39 53
16 15 57
95 61 52
54 65 3
17 55 61
92 100 5
87 7 15
28 59 100
22 21 49
28 79 96
62 91 18
84 40 76
5 34 49
61 81 10
92 60 88
16 6 35
45 71 88
23 35 39
78 36 99
94 69 74
60 65 42
83 69 20
59 14 70
54 67 86
93 90 30
61 16 23
31 59 83
84 65 5
99 40 89
98 38 46
98 14 96
19 28 75
63 44 27
46 87 64
52 98 84
87 22 72
76 46 35
56 98 4
90 51 33
60 69 98
59 49 67
11 93 7
64 55 76
72 94 88
78 92 88
12 39 21
22 43 75
32 3 83
17 41 99
50 63 9
41 2 69
47 18 16
92 48 56
54 95 64
90 100 28
50 97 70
81 60 84
57 95 61
77 59 41
96 27 85
82 98 69
12 24 80
61 59 73
2 10 85
68 84 83
51 78 8
41 33 87
92 41 82
15 50 35
5 93 41
71 4 75
76 69 28
85 3 16
4 16 86
81 23 28
47 79 67
90 71 3
56 52 52
20 18 55
46 1 73
82 28 79
59 80 98
90 72 80
34 53 61
42 92 2
97 19 63
68 2 53
25 59 92
57 50 15
38 69 14
3 85 67
86 31 53
55 50 92
43 22 79
41 83 36
87 52 18
24 55 36
89 14 89
38 61 97
49 5 36
3 14 26
36 25 74
98 52 28
43 50 43
35 72 31
5 9 50
69 68 23
27 41 56
68 82 14
47 4 22
15 13 38
65 3 75
66 77 77
75 7 36
14 48 3
1 42 61
67 99 98
81 98 29
89 40 79
27 66 17
27 53 10
39 73 85
4 31 4
27 65 49
31 22 83
27 88 90
42 72 92
6 65 92
28 24 92
65 8 23
26 62 84
37 98 4
16 49 31
79 22 96
96 19 23
85 3 28
39 54 10
7 98 92
88 10 36
91 6 24
53 82 42
23 53 74
46 70 63
69 74 20
81 75 15
71 61 97
40 98 3
26 55 58
54 79 42
23 62 35
88 55 24
56 26 43
82 55 41
69 23 81
19 37 53
66 59 38
64 45 9
38 4 64
12 61 26
29 82 60
14 27 6
82 66 38
17 47 80
45 63 46
29 34 2
50 16 36
26 33 81
94 71 57
51 47 68
89 38 54
41 13 15
27 42 78
18 37 88
77 9 53
45 82 15
56 38 41
64 96 37
16 9 44
67 84 72
18 57 19
33 86 78
39 47 85
70 10 26
84 90 82
95 3 83
22 17 11
86 28 65
89 87 79
81 91 16
52 20 99
30 68 17
98 84 76
52 81 66
1 83 84
22 35 97
52 92 65
25 43 53
55 3 11
66 52 27
81 42 91
37 14 27
100 2 85
27 31 81
3 27 30
36 3 49
57 42 85
6 28 41
18 10 8
29 50 72
86 35 47
15 1 44
6 39 63
42 29 95
56 33 44
99 39 36
45 33 77
15 14 84
8 37 72
45 85 59
51 52 70
24 33 59
15 20 61
2 84 96
34 29 41
68 9 55
31 27 23
89 63 48
59 60 99
18 61 17
36 15 52
77 71 74
6 97 90
63 82 56
32 36 55
84 23 9
28 59 90
34 52 38
82 41 25
65 52 99
60 90 94
7 99 65
42 50 39
89 72 19
13 41 54
39 61 85
63 1 11
91 29 80
46 27 84
73 78 67
92 20 90
81 51 36
87 7 33
15 24 48
54 49 50
73 86 92
76 59 39
52 81 48
7 17 6
21 3 74
20 54 85
10 6 22
7 70 100
31 67 45
84 30 84
24 66 20
25 51 83
32 92 10
30 40 20
61 56 43
1 46 34
18 3 36
73 76 74
29 38 45
96 18 49
42 7 30
94 60 27
72 70 58
18 41 53
61 99 82
88 21 24
7 21 42
15 72 52
8 89 80
58 10 52
49 31 13
63 99 42
100 44 32
16 62 69
25 93 36
60 34 81
53 94 37
95 88 71
93 13 40
77 66 15
8 51 94
85 30 61
31 84 78
89 27 24
76 48 93
17 14 74
66 88 52
37 44 50
63 50 40
100 61 23
6 22 11
74 10 74
9 17 50
8 22 91
90 73 1
85 42 52
47 3 30
29 8 83
72 53 6
48 28 87
67 70 76
2 36 40
56 40 53
31 4 55
37 53 85
34 56 26
54 31 12
73 79 36
35 22 97
92 57 33
86 13 1
66 24 40
81 30 33
33 4 35
73 32 54
81 67 65
99 10 23
89 48 76
37 33 81
97 64 100
8 20 21
57 13 39
2 79 85
12 84 70
96 70 49
64 29 56
37 8 12
13 87 6
24 85 27
64 4 12
35 77 80
61 82 12
85 41 3
76 1 74
62 47 58
30 96 34
74 89 6
96 80 100
72 35 98
4 10 76
42 87 47
61 60 10
12 78 14
4 5 98
3 67 26
92 73 85
75 54 94
18 42 93
91 97 61
79 4 13
13 63 72
78 72 99
57 9 24
11 87 33
45 85 58
44 85 73
87 66 28
73 24 84
79 59 32
78 1 51
29 95 77
15 58 62
43 56 73
58 70 3
54 74 95
74 62 8
83 30 50
77 60 14
32 6 70
94 1 73
34 30 14
38 1 29
36 61 22
38 98 55
53 98 33
33 55 44
68 28 27
71 39 78
64 22 15
70 86 98
91 60 57
88 46 22
25 53 50
44 43 54
13 56 73
45 17 60
19 32 5
8 50 42
30 44 92
41 68 71
70 98 32
42 88 79
91 96 98
9 84 39
33 55 3
93 2 6
82 81 7
43 54 28
11 67 23
69 19 74
75 73 42
91 52 55
79 32 93
80 75 77
2 46 22
20 59 69
67 81 100
3 60 87
2 77 89
87 36 75
44 91 29
27 46 96
65 96 40
22 3 2
56 38 13
62 5 55
44 11 34
56 68 83
99 29 36
17 41 81
43 29 64
21 14 87
28 3 14
68 9 62
94 49 45
38 82 54
27 72 35
25 57 37
3 84 7
52 13 93
79 13 54
64 46 3
23 83 69
78 11 15
5 48 77
51 49 39
95 18 69
77 47 45
61 78 15
59 84 98
24 98 15
87 67 2
90 98 95
40 29 56
4 42 45
43 93 99
1 7 10
75 96 75
93 72 65
57 2 7
19 15 86
58 28 39
48 47 53
18 59 91
7 85 65
76 63 100
90 8 65
72 34 12
67 17 16
50 39 93
10 12 79
57 90 50
68 78 27
22 69 3
75 78 57
81 62 26
41 35 67
88 33 49
82 34 67
85 41 87
17 35 8
59 24 34
33 74 61
18 82 99
88 32 26
30 5 24
3 27 11
31 72 25
68 3 92
4 3 52
15 51 48
77 17 31
6 31 86
1 72 17
12 43 94
77 100 63
28 67 8
31 39 5
98 21 67
40 30 30
11 70 39
70 92 20
20 81 10
27 78 5
4 46 64
69 45 32
34 5 89
88 5 31
7 97 45
78 34 50
22 9 87
62 80 56
56 17 72
88 99 11
96 81 67
25 60 2
67 39 36
3 74 1
62 42 66
14 24 9
13 3 87
8 79 77
63 33 42
63 31 40
65 14 41
68 27 86
43 61 32
38 33 51
41 69 87
53 29 69
28 46 44
65 73 52
92 18 23
84 100 70
3 2 1
50 25 76
69 94 61
86 10 83
98 47 71
68 100 47
98 58 44
53 66 59
67 52 17
46 9 63
75 98 2
90 1 93
59 71 5
63 58 90
27 4 26
21 80 2
53 29 79
72 41 42
100 1 39
89 71 17
65 8 55
44 11 66
36 87 31
6 30 59
29 68 94
89 18 43
32 72 99
33 27 76
86 20 26
36 68 33
92 31 94
41 43 10
34 64 27
38 86 6
33 61 20
100 27 92
65 11 62
52 60 34
23 6 88
13 96 18
6 79 30
7 20 4
52 78 90
76 84 65
58 69 18
3 55 15
8 3 7
60 5 85
50 25 82
63 81 89
69 12 69
42 80 78
58 46 29
49 78 13
60 84 13
89 21 50
82 68 39
83 26 16
28 62 81
32 7 23
65 87 35
91 50 15
33 44 58
27 45 70
74 6 74
52 27 36
5 99 80
34 54 13
68 3 13
5 68 14
36 50 2
29 18 55
53 15 97
99 37 19
77 91 11
49 48 18
94 39 43
60 78 97
75 74 41
49 10 77
4 42 77
97 84 28
5 22 70
90 25 72
90 36 71
84 99 20
37 3 40
27 88 93
3 84 56
7 27 34
78 7 37
77 81 13
83 75 76
63 72 75
43 5 25
30 94 96
53 87 95
42 97 38
95 83 59
93 39 6
88 87 61
58 66 17
90 24 51
95 32 52
88 12 77
52 18 2
46 8 38
93 34 23
1 72 40
6 39 3
73 65 22
59 31 24
55 7 54
96 56 99
16 70 69
40 75 43
69 24 68
88 29 60
92 62 56
75 64 38
3 69 41
58 27 39
69 86 21
70 42 83
18 88 16
80 28 6
59 44 10
58 79 83
71 46 87
83 86 14
90 38 26
45 85 47
57 50 82
11 96 68
9 71 1
68 33 68
76 36 75
58 41 47
47 38 19
88 37 30
44 82 22
27 84 13
51 68 50
52 63 93
71 52 21
47 70 50
53 26 38
8 32 66
70 28 73
48 34 94
3 40 52
93 84 53
46 66 68
87 80 82
58 29 79
42 32 99
51 44 51
44 1 71
94 46 73
87 43 42
60 76 28
40 95 15
65 31 56
96 64 53
85 67 13
46 95 85
59 12 45
74 44 76
6 85 9
7 10 35
7 44 48
90 71 26
25 71 12
98 21 16
10 47 27
15 3 30
27 6 70
76 68 12
73 47 29
58 36 90
73 13 37
9 26 52
83 50 19
57 41 65
46 3 87
48 29 15
49 66 77
78 41 13
25 79 51
16 33 82
56 62 70
84 39 23
59 62 69
84 83 58
25 45 18
32 8 79
74 43 65
69 38 27
63 94 2
39 66 16
70 77 97
71 58 37
59 63 39
72 49 100
14 37 66
90 26 14
86 95 64
2 41 13
73 86 30
31 29 34
100 90 17
71 31 57
7 43 44
36 93 93
58 39 77
18 55 36
9 73 72
13 10 76
21 27 11
3 20 68
80 78 87
68 94 11
30 88 54
22 79 44
57 95 34
20 62 2
25 10 20
52 41 62
88 37 39
86 95 58
49 37 88
47 50 88
12 71 5
57 52 51
7 72 16
64 3 51
63 20 30
48 10 37
36 83 6
30 25 83
3 19 82
52 89 94
36 93 49
38 99 33
52 87 62
97 14 100
18 13 61
44 100 6
70 10 40
31 70 2
71 70 88
12 8 29
9 4 37
19 74 73
68 25 30
62 66 30
82 23 73
64 18 16
62 65 87
93 65 95
79 22 16
58 49 22
28 23 81
92 28 67
76 9 64
62 77 57
85 32 25
92 22 42
31 96 18
79 3 6
14 48 94
85 2 84
17 5 5
58 100 22
14 50 29
88 98 43
94 77 1
16 15 57
55 70 43
92 8 84
85 68 33
32 8 57
19 22 14
60 1 71
18 56 21
88 37 96
36 97 2
69 95 5
75 84 63
24 83 13
94 33 67
75 80 89
2 28 91
4 53 99
58 35 37
45 13 36
14 58 20
91 8 14
15 37 57
72 74 31
31 67 30
96 53 80
45 24 73
100 88 54
20 90 3
18 70 53
94 80 70
32 72 88
97 23 69
19 63 96
34 10 50
70 36 23
52 65 90
13 21 62
88 25 41
74 28 71
72 40 96
50 47 48
10 57 45
76 20 35
72 93 5
82 33 33
90 80 50
85 10 75
21 74 27
80 79 27
2 71 76
61 26 41
31 66 90
22 34 24
63 25 82
11 87 66
82 53 36
21 42 39
2 92 51
43 62 35
67 25 13
62 93 29
77 29 54
82 99 81
8 54 82
91 78 84
76 72 21
85 22 60
80 57 55
32 74 86
57 100 90
11 12 53
45 14 36
25 72 34
82 17 49
48 52 12
91 66 6
54 55 77
68 70 18
52 89 62
77 97 30
6 92 86
93 72 30
16 34 3
27 2 55
97 72 5
33 59 100
17 62 9
35 83 54
32 31 61
43 22 32
96 8 68
15 73 87
97 20 48
66 86 3
9 19 9
12 40 25
13 86 60
91 38 55
29 65 85
72 32 46
83 27 3
63 98 54
22 2 81
70 92 91
46 17 32
2 90 90
9 16 61
34 76 35
39 25 45
19 94 96
100 49 87
62 43 59
8 1 90
24 41 69
58 23 36
56 31 91
94 98 44
30 71 65
53 66 17
22 45 45
26 11 66
89 64 56
63 80 12
96 56 90
67 41 29
1 7 84
9 31 13
56 26 10
76 95 90
61 40 82
28 24 58
73 58 81
84 66 59
98 67 12
49 22 100
29 57 41
60 94 11
25 77 79
5 14 55
62 32 83
92 8 38
62 85 7
51 42 1
16 71 25
39 44 5
76 55 43
94 59 70
53 92 77
21 92 75
90 89 56
39 61 85
25 88 40
47 72 18
39 60 97
19 45 27
61 52 31
78 29 57
43 86 37
77 25 69
51 83 44
17 52 54
15 58 10
68 43 93
4 26 85
49 15 12
70 28 85
65 76 56
48 88 45
27 38 38
10 92 52
49 33 11
30 94 80
41 40 32
61 78 95
32 36 84
24 56 100
13 26 44
22 36 44
65 37 85
81 67 7
87 59 65
9 52 83
79 76 21
10 51 68
2 6 12
95 73 41
85 95 23
39 27 46
24 96 75
91 25 29
67 21 15
52 79 37
64 88 85
30 9 26
14 68 90
79 8 62
82 47 100
45 8 91
22 41 62
3 98 90
87 11 78
73 19 66
29 15 34
80 58 98
66 77 14
62 9 71
48 46 75
69 39 59
52 78 12
56 30 1
4 72 14
7 37 61
94 91 13
62 12 19
41 32 46
91 40 90
42 59 27
10 76 79
98 57 62
19 68 58
76 5 12
40 86 77
40 95 31
44 23 20
75 42 88
32 21 14
71 74 56
40 47 91
5 10 41
79 95 60
59 46 62
7 74 97
84 82 75
46 94 19
36 8 31
12 16 44
48 25 32
41 52 66
2 62 83
14 20 22
75 76 53
75 34 11
9 95 99
21 26 3
87 33 83
98 76 57
77 26 54
27 81 4
18 12 42
18 28 84
92 37 57
13 30 80
27 46 29
15 57 27
85 91 2
3 17 14
25 59 63
71 23 66
2 57 54
91 4 69
22 62 1
92 46 19
74 58 61
26 70 68
83 40 83
31 79 79
25 57 55
79 89 95
55 73 77
18 15 14
88 57 64
45 93 3
98 67 12
13 76 48
37 66 32
91 2 70
43 78 52
2 9 72
97 70 98
36 5 59
69 74 62
20 62 6
94 39 44
85 30 76
4 84 46
69 81 9
36 94 17
49 28 94
56 36 86
19 100 95
11 10 78
67 46 26
5 55 24
23 45 20
38 100 97
43 3 54
10 49 43
92 97 98
80 51 28
23 75 20
18 17 49
57 92 32
80 81 11
90 58 19
8 85 66
10 64 7
87 100 2
63 53 88
55 95 65
7 40 6
81 7 11
4 43 19
12 37 28
23 82 61
48 72 43
47 8 79
88 17 15
7 46 37
55 94 63
34 10 26
70 20 41
44 50 55
27 9 29
75 10 5
8 42 79
21 72 39
37 30 37
34 89 72
46 28 93
46 33 97
8 2 87
78 77 37
37 38 12
37 16 5
61 31 95
71 78 22
39 76 34
46 67 100
29 50 78
91 47 59
34 38 89
33 14 20
30 60 47
5 59 37
61 68 91
97 90 70
30 43 73
47 25 50
66 89 6
77 61 59
65 58 28
95 88 74
73 13 36
98 13 60
42 41 83
84 2 54
14 66 66
73 94 35
39 63 26
39 4 25
87 47 79
91 25 71
18 65 25
97 95 23
25 95 97
71 59 68
55 88 13
66 31 87
14 41 24
25 24 36
56 23 46
12 37 53
68 73 78
43 93 50
51 55 61
42 51 33
37 53 71
93 16 4
79 45 56
84 27 75
71 67 57
50 60 53
51 6 73
47 41 35
14 13 24
98 100 69
32 86 28
6 40 81
40 79 21
96 49 89
90 23 30
87 15 46
77 56 68
96 8 4
30 13 4
60 85 63
10 44 73
47 13 63
47 90 68
55 22 39
92 51 60
19 39 6
71 64 75
57 18 80
34 40 77
49 66 19
92 27 55
20 41 74
80 54 56
58 36 87
44 22 7
63 100 56
6 18 4
11 95 53
7 90 69
6 75 28
89 33 15
58 91 11
84 53 64
48 30 59
4 77 43
89 87 93
92 29 21
41 71 51
80 84 64
13 71 84
51 13 77
47 72 87
90 38 55
3 14 88
91 95 32
8 2 49
15 76 18
72 21 58
55 92 52
21 33 3
95 73 93
57 17 44
9 100 25
45 21 9
70 95 54
78 13 24
21 61 49
32 35 19
47 77 68
75 68 96
42 10 73
21 42 74
94 89 39
75 11 49
83 14 19
68 98 86
2 85 9
81 42 19
87 63 74
73 67 63
68 74 39
47 57 100
38 70 76
69 78 81
87 68 16
22 18 37
73 9 90
55 9 82
33 70 10
60 98 16
4 68 71
7 60 13
52 26 88
12 46 21
70 82 15
71 17 57
18 78 69
92 91 22
77 34 3
27 68 82
11 37 1
90 6 2
1 70 92
35 76 61
69 77 39
49 75 11
92 80 85
40 55 15
72 10 78
4 24 42
85 96 5
92 64 86
57 56 10
56 11 23
6 3 48
40 69 71
1 70 68
14 56 42
3 93 22
7 91 9
16 90 9
67 29 97
13 3 11
56 66 20
32 34 35
44 65 74
44 40 46
9 75 95
98 81 41
92 95 49
1 15 86
92 63 79
29 32 7
89 57 51
67 30 55
36 31 36
54 24 35
68 23 61
45 59 57
33 1 54
97 8 63
4 87 43
53 4 79
1 22 21
2 88 23
61 8 41
77 37 19
62 4 31
67 76 18
51 86 13
19 84 50
48 74 19
62 64 82
78 54 8
99 10 35
20 100 7
75 81 57
45 41 47
29 8 82
28 75 98
49 1 15
54 84 29
93 57 96
54 85 60
38 53 73
28 92 18
4 6 24
17 71 55
8 67 7
85 16 60
84 29 73
3 97 15
86 20 8
88 9 54
79 80 21
56 89 23
56 23 48
51 48 8
92 55 99
56 57 95
7 66 91
28 60 81
96 27 96
95 4 84
76 15 81
61 66 40
97 46 20
13 22 84
32 54 64
71 19 37
62 87 90
19 38 78
6 98 27
